,momentum_10d_ex1,rsi,bollinger_squeeze,obv_momentum,atr_ratio,blowoff_ratio,stability_score,ivol_60d,liquidity_factor,near_52w_high,reversal_1d,mom_accel_5_2
momentum_10d_ex1,1.0,0.8091943612072798,-0.010482204999334084,0.6574328136910762,-0.014106292422569607,0.7868038256385403,0.020942809239682024,0.0026026187814808554,-0.004602824955109592,0.8429139047578779,-0.44537278171420736,0.7372954909960928
rsi,0.8091943612072798,1.0,0.0006062014909768331,0.5275183197103894,-0.0011042012453956656,0.6316107461599184,0.004393221077588174,-0.006470590276039056,-0.011221162688569005,0.6792872336708088,-0.3478256323486858,0.5857368113379067
bollinger_squeeze,-0.010482204999334084,0.0006062014909768331,1.0,-0.008363787599840392,0.8923072729751141,-0.02795553679159736,-0.6688542267063364,-0.843151899831344,-0.007253391316275103,-0.006179105828940348,-0.007246179391116779,-0.009074482415776061
obv_momentum,0.6574328136910762,0.5275183197103894,-0.008363787599840392,1.0,-0.011415145480298124,0.5091185903075438,0.01725043328438444,-0.0002744348248273378,0.7197630627078673,0.5617870316946639,-0.28591822831464414,0.4730065708462354
atr_ratio,-0.014106292422569607,-0.0011042012453956656,0.8923072729751141,-0.011415145480298124,1.0,-0.023193051787858094,-0.7526333594029263,-0.9452327250324741,-0.006201326562218066,-0.009558655406338684,0.011683344751097242,-0.00963744733018386
blowoff_ratio,0.7868038256385403,0.6316107461599184,-0.02795553679159736,0.5091185903075438,-0.023193051787858094,1.0,0.047605047956376025,0.010035098741305285,-0.010497800488419529,0.6652523132912824,-0.3541136848256916,0.5795061939861845
stability_score,0.020942809239682024,0.004393221077588174,-0.6688542267063364,0.01725043328438444,-0.7526333594029263,0.047605047956376025,1.0,0.7718513205966993,-0.0002829200606516765,0.02425155620531263,-0.020662186429350107,0.018544778013428537
ivol_60d,0.0026026187814808554,-0.006470590276039056,-0.843151899831344,-0.0002744348248273378,-0.9452327250324741,0.010035098741305285,0.7718513205966993,1.0,-0.0006757921923505473,-0.0013041922161517341,-0.012241120020545889,0.00218793546052538
liquidity_factor,-0.004602824955109592,-0.011221162688569005,-0.007253391316275103,0.7197630627078673,-0.006201326562218066,-0.010497800488419529,-0.0002829200606516765,-0.0006757921923505473,1.0,0.006394150017760293,0.011100158775617198,-0.01843483313736108
near_52w_high,0.8429139047578779,0.6792872336708088,-0.006179105828940348,0.5617870316946639,-0.009558655406338684,0.6652523132912824,0.02425155620531263,-0.0013041922161517341,0.006394150017760293,1.0,-0.3756798059555175,0.6181333185541092
reversal_1d,-0.44537278171420736,-0.3478256323486858,-0.007246179391116779,-0.28591822831464414,0.011683344751097242,-0.3541136848256916,-0.020662186429350107,-0.012241120020545889,0.011100158775617198,-0.3756798059555175,1.0,-0.33358198861672705
mom_accel_5_2,0.7372954909960928,0.5857368113379067,-0.009074482415776061,0.4730065708462354,-0.00963744733018386,0.5795061939861845,0.018544778013428537,0.00218793546052538,-0.01843483313736108,0.6181333185541092,-0.33358198861672705,1.0
